.Random.seed <-
c(403L, 10L, 1029204670L, 655060216L, 361812699L, 455182649L, 
797232264L, -646300618L, -1990883215L, -1663616349L, -453238798L, 
1413985092L, -1704518649L, 1197554141L, -1859811628L, 1252469242L, 
785057093L, -1475489377L, 1253831462L, -1205089360L, -459786157L, 
1662595953L, -2020687200L, 1618785854L, -1433223863L, -2080668677L, 
2072635338L, 343824684L, 292648239L, 573012965L, -961723748L, 
1566705394L, 1296799597L, -408461145L, 2125062862L, -1558048728L, 
-308532181L, 890445385L, 1307072344L, -1005665786L, -1239061535L, 
-447837837L, 49981922L, 154324308L, -541891497L, -255702963L, 
1224821732L, 1759979978L, -250105803L, 938782351L, 45252502L, 
1917322048L, -170414589L, 2053485601L, 139245328L, 221392110L, 
1838380185L, -681483989L, 2084640794L, 1395757788L, -122924321L, 
-2049766219L, -223450548L, 1387075234L, 210959869L, 1786058487L, 
-571441122L, 243176152L, 214316603L, -1614576679L, -1988791960L, 
-1883961194L, 743032337L, 172392387L, -2022358062L, -1692058012L, 
-327856729L, 2103239421L, -755312908L, 1966670298L, -1347009243L, 
1595687999L, -842009658L, 830070864L, -1656697741L, -807018351L, 
1909178560L, 1733798558L, 1557063273L, 276190875L, 333888426L, 
-344842292L, -652291441L, 1578072773L, -798879108L, -131842350L, 
-2012898739L, 1415640839L, -1565779218L, -1270526008L, -17674037L, 
-1447972567L, -1633744520L, -750035290L, -633927487L, -1683127981L, 
-858690046L, 808204084L, -270814025L, -1656593235L, -442220092L, 
1535074794L, -319488427L, 1423331311L, -1727102986L, 1775647008L, 
283604707L, 1694764929L, 73587184L, 1647380622L, 1055289337L, 
2002830731L, -1259527750L, -19734340L, 159368191L, -1423699627L, 
-2061186452L, 1769348802L, -1242216163L, 1552686999L, 1852529406L, 
1718354104L, 882215579L, -2070107911L, 1748474440L, 1693271414L, 
-1971727183L, 1916901603L, -819914830L, 450447364L, 301931335L, 
321499677L, -225605484L, -846231494L, -609817979L, 320281439L, 
-1271925786L, 1166769776L, -714493549L, -2005600719L, -395416352L, 
-129581698L, -1966378999L, -1132371909L, 990866954L, -1010090516L, 
1665741423L, 165707173L, -800408228L, 1247396146L, 1817239597L, 
1367432935L, 1202844686L, 1438678504L, 265365483L, -626427767L, 
1489427480L, -1742259386L, 195479969L, 260339763L, 2004497826L, 
871469204L, 954644247L, 1608761613L, -344315868L, -1807177718L, 
861052277L, -536490801L, -1542381610L, -1614864512L, 357405635L, 
68261217L, -810521648L, 2013268782L, -1794672935L, 2068096235L, 
1908204890L, 1806571292L, 533778975L, -1340673419L, 918241036L, 
-232017182L, 282535869L, -13950921L, -721458466L, 1954797080L, 
-206243461L, 623571225L, 195632552L, -1021230762L, -1573174831L, 
-927596157L, 1815183378L, -148638812L, 1658553191L, 540514493L, 
738123828L, -358550630L, -1256423451L, -53654657L, -1654965498L, 
-499174256L, 186025267L, -623222063L, -543758208L, 1322094942L, 
-924539223L, 249729371L, -1620083862L, 1972433420L, -1356885425L, 
298303237L, -1210992708L, 980087442L, 380320141L, 1642930631L, 
2141962926L, -1206596856L, -1444939509L, -113274528L, 1692716876L, 
-109946592L, 395788162L, -622940440L, -1665154836L, 2053223484L, 
-286934158L, 2033073776L, 427955236L, 2068400952L, 531606682L, 
946082512L, 216662204L, -672452972L, -1015040382L, -750434112L, 
-1225153732L, 197680272L, 2132475426L, 1934479368L, 1169431820L, 
772713628L, -1631093230L, -1574666368L, 1536740884L, -1057674712L, 
1388705082L, 1781090768L, 1605252204L, -1695045324L, -402778478L, 
-277345440L, -634719412L, 2006628320L, 546183074L, -2033449048L, 
-242242164L, 905414844L, -1881437838L, -1314908944L, 352792644L, 
1419682136L, -1811339718L, -369919120L, 1318008892L, 1948966676L, 
74868162L, -1259963680L, 1785239420L, 554098384L, 474896546L, 
-1443492824L, 807920908L, -1156651076L, -430085838L, -455251520L, 
1103153716L, 1678449608L, -223233862L, 2056989072L, 1952141804L, 
-373407148L, 1735061650L, 1130082080L, 58223052L, -1851419168L, 
-746948926L, 1191928872L, -104975700L, -1502747460L, 987097586L, 
628961584L, -795667292L, 1052116664L, 1958559066L, 168883600L, 
1653953404L, 828926228L, 1457390402L, 561437440L, 762345404L, 
203022160L, -44743902L, -1682612920L, 68217356L, -617723812L, 
942374098L, -1293444608L, -957092524L, 1022269928L, 1844251642L, 
876167376L, -113537748L, 1736975092L, 641440146L, 500085856L, 
-258956020L, 1090917088L, -1435973278L, 521902760L, -96206260L, 
114356604L, -350763726L, 719024240L, 1990068036L, 1866825176L, 
-2044752774L, 1802612272L, 1648003772L, 1622843220L, 552244290L, 
127303072L, 867125948L, -665601584L, 1666841954L, -870420504L, 
1194854348L, -895004932L, 625779186L, 1593444480L, -1680440076L, 
-778795384L, -1484138694L, 478606160L, 302147180L, 1408139412L, 
1704202578L, -2002043168L, 2098049740L, -1205669728L, -1235534974L, 
-1359580440L, 1658098412L, 279911484L, 802460274L, 1515877488L, 
2001684004L, -420002760L, 1101150234L, 1380178640L, -1913695172L, 
1449927828L, 770284674L, 1269909440L, 1289181500L, 1484214928L, 
-1014289374L, 90260488L, -582907764L, 699841564L, -1196108142L, 
-302709632L, -147877868L, -1616026328L, 1206963770L, 1499456720L, 
477713516L, -1068289356L, 568367122L, -488470560L, 341192652L, 
-1351217696L, -302432734L, -465295064L, -2096000756L, -384276932L, 
1613467890L, -1459442960L, 1698452292L, -1737926056L, 290783802L, 
1628014320L, -329151300L, -1629516268L, -602505022L, 1598300256L, 
-1960661636L, -81904432L, 1349766178L, 1010055848L, 602783628L, 
1747458492L, 557941810L, -785709248L, 1696651444L, -1101548728L, 
-1706964294L, -516321520L, -1787053844L, -596159404L, -1838172398L, 
524891040L, 1792810956L, 1400122208L, 1880449218L, -2104801752L, 
-2003790420L, 1090637628L, -1390354574L, -685051088L, -102325724L, 
-780734408L, 891030746L, -870301296L, -1419102468L, 752390036L, 
-11902142L, 1557191168L, -65723844L, -1281829296L, -1937042782L, 
885111624L, 1453660684L, 2012261596L, 2076455506L, 1864812672L, 
754858836L, 828346856L, 1745545978L, 1645467472L, 1631855660L, 
-1283189388L, 723607186L, -517129632L, -1229008244L, 198273888L, 
-1889606549L, -1981073572L, -400224630L, -460236161L, -1727314999L, 
432922718L, 763953932L, 439691997L, 672908263L, -2093410288L, 
1866003758L, -445298213L, 184684221L, -1589511126L, -1442415416L, 
753048049L, -35891357L, 1496158052L, 1961617042L, -1140702361L, 
241954097L, -1185986954L, 1560164244L, 1515996069L, -660900689L, 
-1960040088L, -216149690L, -368137997L, 2897493L, -339518926L, 
-6887424L, 1586658537L, -973472933L, 274275756L, 206144954L, 
-310295697L, -1842014983L, 742885774L, 1599372380L, 2068401869L, 
-1518212553L, -604004160L, 1775546270L, 1758622827L, -967879699L, 
-1478560166L, 1979300120L, -973240703L, -723313613L, -1572918700L, 
734895714L, -218418953L, -159784127L, -302294586L, -712072444L, 
1002014389L, -1247465057L, -353178120L, 765551574L, 1979760227L, 
190889509L, -911061566L, -2100362576L, -1266496807L, 1681304651L, 
-2070678852L, -1586171670L, 346795295L, 780613033L, 397890366L, 
-753996244L, -1313497987L, 1883678407L, 1459396528L, 566866382L, 
-1061590277L, 1753594205L, -1461974390L, 1554004136L, -1466086383L, 
1913953539L, -1120145404L, 1074970674L, 817883271L, -1805982511L, 
-169525674L, -1901621708L, -437459643L, -90003569L, 1054528264L, 
913429798L, -1851699757L, 998475573L, 1018072722L, 2018392672L, 
-1505354807L, 354425595L, 1560454348L, 721157466L, 2086604879L, 
1191197977L, 2115434286L, 1514211644L, 1889566381L, 1528150359L, 
-1000097632L, 1534838270L, 581851339L, 1351362253L, -909463046L, 
453151288L, -1190557727L, 1357758611L, -1186798924L, -1310920766L, 
-1620468777L, -875563999L, -574929946L, -304189724L, -554436075L, 
1368109631L, 496175576L, -1419247626L, 1965082627L, 1791615813L, 
-633395358L, 614811856L, -712870919L, -663105749L, -990319460L, 
-2027543862L, 681995199L, -1815779575L, -734408674L, 708026828L, 
-708482147L, 930997799L, -1825412016L, -1404807954L, -490745445L, 
1615005693L, 1744732906L, 1306695048L, -1245768911L, 1789692835L, 
-1048618076L, 947172946L, 1627231655L, 60871153L, 399672630L, 
